logoutlocation:
  world: world
  x: 158.6509813115474
  y: 77.0
  z: -309.52498211489353
  yaw: -223.04984
  pitch: 17.54993
timestamps:
  logout: 1600188021906
  login: 1600186349239
lastAccountName: xp0nat
ipAddress: 127.0.0.1
lastlocation:
  world: world
  x: 162.1190838100183
  y: 77.0
  z: -321.2716320234193
  yaw: 14.099731
  pitch: 3.4499335
